ASRTU-1_20241210A
1 61781U 24199AY  24345.99651620  .00043480  00000-0  18095-2 0 00001
2 61781 097.3756 210.2238 0019005 116.1104 044.0656 15.23629300000016

ASRTU-1_20241208A
1 61781U 24199AY  24343.08479167  .00003080  00000-0  12788-3 0 00009
2 61781 097.3798 207.3574 0018862 122.1984 275.7203 15.23736516000014

ASRTU-1_20241207A
1 99130U 20499A   24342.49518519  .00052381  00000-0  21763-2 0 00006
2 99130 097.3798 206.7777 0018858 123.6801 282.1049 15.23689449000012

ASRTU-1_20241206B
1 99130U 20499A   24341.53332176  .00005447  00000-0  22705-3 0 00002
2 99130 097.3798 205.8309 0018938 127.8166 045.2342 15.23602968000017

ASRTU-1_20241206A
1 99130U 20499A   24341.16972222 -.00011556  00000-0 -48055-3 0 00009
2 99130 097.3800 205.4725 0018774 128.7051 211.1764 15.23693597000010

ASRTU-1_20241205B
1 99130U 20499A   24340.52702546 -.00177143  00000-0 -73756-2 0 00008
2 99130 097.3779 204.8410 0018571 130.8028 286.0454 15.23674837000015

ASRTU-1_20241205A
1 99130U 20499A   24340.05962963  .00023754  00000-0  98896-3 0 00006
2 99130 097.3790 204.3803 0018644 132.5239 242.2399 15.23637014000011

ASRTU-1_20241204A
1 99130U 20499A   24339.27730324 -.00075708  00000-0 -31541-2 0 00003
2 99130 097.3798 203.6106 0018654 134.9601 271.4477 15.23657628000011

ASRTU-1_20241203B
1 99130U 20499A   24338.51046296 -.00104617  00000-0 -43462-2 0 00004
2 99130 097.3766 202.8571 0017868 136.5606 026.4732 15.23753284000019

ASRTU-1_20241203A
1 99130U 20499A   24338.20856482 -.00035758  00000-0 -14879-2 0 00005
2 99130 097.3771 202.5626 0018894 136.6187 171.5812 15.23680970000010

ASRTU-1_20241202A
1 99130U 20499A   24337.20832176 -.00032524  00000-0 -13603-2 0 00000
2 99130 097.3811 201.5754 0018545 142.4874 083.0645 15.23514031000012

ASRTU-1_20241201A
1 99130U 20499A   24336.53328704 -.00092606  00000-0 -38712-2 0 00007
2 99130 097.3788 200.9113 0018240 144.0968 341.4669 15.23533309000017

ASRTU-1_20241130A
1 99130U 20499A   24335.64582176  .00009470  00000-0  39604-3 0 00000
2 99130 097.3801 200.0380 0018223 146.9714 154.2888 15.23496494000017

ASRTU-1_20241129A
1 99130U 24099A   24334.56971065  .00005552  00000-0  23249-3 0 00004
2 99130 097.3805 198.9796 0018077 150.5091 012.6031 15.23458563000015

ASRTU-1_20241128A
1 99130U 24099A   24333.51783565  .00064425  00000-0  27016-2 0 00003
2 99130 097.3813 197.9452 0017922 153.5116 004.4393 15.23389487000019

ASRTU-1_20241127A
1 99130U 24099A   24332.05437500  .00028740  00000-0  12064-2 0 00003
2 99130 097.3814 196.5048 0018031 159.4047 257.7534 15.23365913000014

ASRTU-1_20241125A
1 99130U 24099A   24330.49763889  .00064149  00000-0  26989-2 0 00005
2 99130 097.3813 194.9746 0017579 164.3269 001.1317 15.23282521000010

ASRTU-1_20241124A
1 99130U 24099A   24329.51194444  .00065671  00000-0  27649-2 0 00006
2 99130 097.3817 194.0053 0017473 167.6397 355.8606 15.23261065000017

ASRTU-1_20241123A
1 99130U 24099A   24328.52471065  .00063644  00000-0  26830-2 0 00002
2 99130 097.3818 193.0343 0017436 171.4947 341.7108 15.23219716000019

ASRTU-1_20241122A
1 99130U 24099A   24327.12817130 -.00002384  00000-0 -10054-3 0 00002
2 99130 097.3815 191.6604 0017362 176.5187 243.4379 15.23238710000013

ASRTU-1_20241121A
1 99130U 24099A   24326.48788194 -.00054380  00000-0 -22963-2 0 00001
2 99130 097.3800 191.0308 0017376 179.0234 332.1370 15.23204856000019

ASRTU-1_20241120C
1 99130U 24099A   24325.93737269  .00027346  00000-0  11545-2 0 00001
2 99130 097.3807 190.4890 0017382 180.7015 193.6724 15.23180247000018

ASRTU-1_20241120B
1 99130U 24099A   24325.50251157 -.00116495  00000-0 -49300-2 0 00007
2 99130 097.3801 190.0616 0017625 182.6138 328.7434 15.23136226000018

ASRTU-1_20241120A
1 99130U 24099A   24325.01863426  .00028885  00000-0  12201-2 0 00004
2 99130 097.3808 189.5853 0017276 183.7909 195.9530 15.23165710000012

ASRTU-1_20241119A
1 99130U 24099A   24324.30009259 -.00069719  00000-0 -29464-2 0 00003
2 99130 097.3818 188.8788 0017207 186.1153 216.1008 15.23195348000010

ASRTU-1_20241118A
1 99130U 24099A   24323.51347222  .00053855  00000-0  22774-2 0 00009
2 99130 097.3813 188.1059 0016918 189.4999 222.2020 15.23127530000011

ASRTU-1_20241117B
1 99130U 24099A   24322.54824074  .00070684  00000-0  29898-2 0 00009
2 99130 097.3811 187.1568 0016598 193.2377 329.2334 15.23117830000018

ASRTU-1_20241117A
1 99130U 24099A   24322.00410880  .00032080  00000-0  13577-2 0 00001
2 99130 097.3810 186.6205 0017010 195.0212 225.7663 15.23104422000015

ASRTU-1_20241116A
1 99130U 24099A   24321.00954861  .00028448  00000-0  12049-2 0 00008
2 99130 097.3815 185.6424 0016864 198.4541 172.4884 15.23082360000019

ASRTU-1_20241115A
1 99130U 24099A   24320.57425926  .00076116  00000-0  32250-2 0 00005
2 99130 097.3823 185.2154 0016498 200.2450 305.4881 15.23062225000011

ASRTU-1_20241114B
1 99130U 24099A   24319.96737269  .00031869  00000-0  13507-2 0 00002
2 99130 097.3822 184.6175 0016776 202.0798 218.1883 15.23058562000011

ASRTU-1_20241114A
1 99130U 24099A   24319.50612269 -.00131502  00000-0 -55620-2 0 00003
2 99130 097.3736 184.1533 0016532 208.3967 204.4280 15.23174264000012

ASRTU-1_20241113B
1 99130U 24099A   24318.67734954  .00006757  00000-0  28663-3 0 00005
2 99130 097.3830 183.3494 0016459 207.0752 344.5333 15.23043993000019

ASRTU-1_20241113A
1 99130U 24099A   24318.07438657  .00022100  00000-0  93766-3 0 00006
2 99130 097.3829 182.7558 0016650 209.6092 278.1250 15.23032951000011

ASRTU-1_20241112B
1 99130U 24099A   24317.48724537  .00058972  00000-0  25053-2 0 00004
2 99130 097.3830 182.1794 0016410 212.1118 298.4899 15.22975399000016

ASRTU-1_20241112A
1 99130U 24099A   24317.00667824  .00029582  00000-0  12565-2 0 00006
2 99130 097.3827 181.7061 0016577 213.4390 183.9866 15.22990433000012

ASRTU-1_20241111C
1 99130U 24099A   24316.56890046 -.00328134  00000-0 -13954-1 0 00009
2 99130 097.3824 181.2765 0016720 216.0612 302.6737 15.22998775000015

ASRTU-1_20241111B
1 99130U 24099A   24316.50546296 -.00100037  00000-0 -42534-2 0 00005
2 99130 097.3824 181.2137 0016429 215.2899 315.8545 15.22993645000016

ASRTU-1_20241111A
1 99130U 24099A   24316.03855324  .00026967  00000-0  11464-2 0 00003
2 99130 097.3830 180.7541 0016430 216.9542 275.8929 15.22965675000014

ASRTU-1_20241110A
1 99130U 24099A   24315.51987269 -.00065373  00000-0 -27824-2 0 00002
2 99130 097.3823 180.2448 0016316 219.0157 311.9108 15.22953814000019

ASRTU-1_20241108C1
1 99130U          24313.54186343 -.00140419  00000-0 -59909-2 0 00000
2 99130 097.3813 178.3003 0016265 227.1699 266.3080 15.22881382000012

ASRTU-1_20241108B
1 99994U          24313.08109954  .00017775  00000-0  75842-3 0 00003
2 99994 097.3835 177.8452 0016423 228.1985 260.8432 15.22847991000011

ASRTU-1_20241108
1 99995U          24313.00361111  .00032707  00000-0  13952-2 0 00005
2 99995 097.3825 177.7702 0016364 228.7008 195.8088 15.22846293000011

ASRTU-1_20241107B
1 99996U          24312.68981482  .00008607  00000-0  36734-3 0 00003
2 99996 097.3826 177.4620 0016213 230.2545 275.0464 15.22842314000014

ASRTU-1_20241107
1 99997U          24312.00767361  .00029170  00000-0  12462-2 0 00006
2 99997 097.3825 176.7911 0016208 232.3616 135.7334 15.22798387000012

ASRTU-1_20241105
1 99998U          24310.58290509 -.00354935  00000-0 -15199-1 0 00003
2 99998 097.3815 175.3914 0015935 238.3351 244.1709 15.22773883000012
