ASRTU-1_20241116A
1 99130U 24099A   24321.00954861  .00028448  00000-0  12049-2 0 00008
2 99130 097.3815 185.6424 0016864 198.4541 172.4884 15.23082360000019

ASRTU-1_20241115A
1 99130U 24099A   24320.57425926  .00076116  00000-0  32250-2 0 00005
2 99130 097.3823 185.2154 0016498 200.2450 305.4881 15.23062225000011

ASRTU-1_20241114B
1 99130U 24099A   24319.96737269  .00031869  00000-0  13507-2 0 00002
2 99130 097.3822 184.6175 0016776 202.0798 218.1883 15.23058562000011

ASRTU-1_20241114A
1 99130U 24099A   24319.50612269 -.00131502  00000-0 -55620-2 0 00003
2 99130 097.3736 184.1533 0016532 208.3967 204.4280 15.23174264000012

ASRTU-1_20241113B
1 99130U 24099A   24318.67734954  .00006757  00000-0  28663-3 0 00005
2 99130 097.3830 183.3494 0016459 207.0752 344.5333 15.23043993000019

ASRTU-1_20241113A
1 99130U 24099A   24318.07438657  .00022100  00000-0  93766-3 0 00006
2 99130 097.3829 182.7558 0016650 209.6092 278.1250 15.23032951000011

ASRTU-1_20241112B
1 99130U 24099A   24317.48724537  .00058972  00000-0  25053-2 0 00004
2 99130 097.3830 182.1794 0016410 212.1118 298.4899 15.22975399000016

ASRTU-1_20241112A
1 99130U 24099A   24317.00667824  .00029582  00000-0  12565-2 0 00006
2 99130 097.3827 181.7061 0016577 213.4390 183.9866 15.22990433000012

ASRTU-1_20241111C
1 99130U 24099A   24316.56890046 -.00328134  00000-0 -13954-1 0 00009
2 99130 097.3824 181.2765 0016720 216.0612 302.6737 15.22998775000015

ASRTU-1_20241111B
1 99130U 24099A   24316.50546296 -.00100037  00000-0 -42534-2 0 00005
2 99130 097.3824 181.2137 0016429 215.2899 315.8545 15.22993645000016

ASRTU-1_20241111A
1 99130U 24099A   24316.03855324  .00026967  00000-0  11464-2 0 00003
2 99130 097.3830 180.7541 0016430 216.9542 275.8929 15.22965675000014

ASRTU-1_20241110A
1 99130U 24099A   24315.51987269 -.00065373  00000-0 -27824-2 0 00002
2 99130 097.3823 180.2448 0016316 219.0157 311.9108 15.22953814000019

ASRTU-1_20241108C1
1 99130U          24313.54186343 -.00140419  00000-0 -59909-2 0 00000
2 99130 097.3813 178.3003 0016265 227.1699 266.3080 15.22881382000012

ASRTU-1_20241108B
1 99994U          24313.08109954  .00017775  00000-0  75842-3 0 00003
2 99994 097.3835 177.8452 0016423 228.1985 260.8432 15.22847991000011

ASRTU-1_20241108
1 99995U          24313.00361111  .00032707  00000-0  13952-2 0 00005
2 99995 097.3825 177.7702 0016364 228.7008 195.8088 15.22846293000011

ASRTU-1_20241107B
1 99996U          24312.68981482  .00008607  00000-0  36734-3 0 00003
2 99996 097.3826 177.4620 0016213 230.2545 275.0464 15.22842314000014

ASRTU-1_20241107
1 99997U          24312.00767361  .00029170  00000-0  12462-2 0 00006
2 99997 097.3825 176.7911 0016208 232.3616 135.7334 15.22798387000012

ASRTU-1_20241105
1 99998U          24310.58290509 -.00354935  00000-0 -15199-1 0 00003
2 99998 097.3815 175.3914 0015935 238.3351 244.1709 15.22773883000012
